2024 1 1 1 100
2024 1 1 1 200
2024 1 1 2 50
2024 1 2 1 150
2024 1 2 2 30
2024 1 3 1 40
2024 2 1 1 10
2024 2 1 1 40
2024 2 2 4 70
2024 2 3 3 100
2024 2 3 5 30
2024 3 1 8 20
2024 3 2 2 40
2024 3 3 10 35
2024 4 1 7 20
2024 4 1 7 30
2024 4 2 2 70
2024 4 3 4 50
2024 5 1 1 20
2024 5 2 4 70
2024 5 3 9 100
2024 6 1 8 30
2024 6 2 2 50
2024 6 3 4 50
2024 7 1 2 40
2024 7 2 1 70
2024 7 3 9 30
2024 8 1 1 30
2024 8 2 12 20
2024 8 3 7 25
2024 9 1 11 35
2024 9 2 5 20
2024 9 3 2 10
2024 10 1 9 20
2024 10 2 3 40
2024 10 3 1 60
2024 11 1 8 100
2024 11 2 4 30
2024 11 3 5 45
2024 12 1 1 20
2024 12 2 6 70
2024 12 3 2 90